image: c5-121-20200902.pgm
resolution: 0.010000
origin: [-8.000000, -5.000000, 0.000000]
negate: 0
occupied_thresh: 0.65
free_thresh: 0.196

